/* 
 * File:   motor_table.h
 * Author: Mindsailors
 *
 * Created on May 18, 2021, 11:13 AM
 */

#ifndef MOTOR_TABLE_H
#define	MOTOR_TABLE_H

#ifdef	__cplusplus
extern "C" {
#endif

    
/*
   Tablica sterowania silnikamy przy pomocy kolowoego pola magnetyczego. 
   Zawiera wartosci w zakresie -3000 do +3000. Przed podaniem do modulu PWM 
   nalezy podniesc wartosci o wartosc srednia. Dla przykladu: jezeli modul PWM 
   akceptuje wartosci od 0 do 10000 nalezy podawac mu wartosci w sposob 
   PWM_DutyCycleSet(CHANNEL, motor_table[i][j]+5000)
*/
const int16_t const motor_table[361][3] = 
{{0	,-3000	,3000},
{90	,-3000	,2999},
{181	,-2999	,2998},
{271	,-2996	,2995},
{362	,-2993	,2992},
{452	,-2989	,2988},
{543	,-2984	,2983},
{633	,-2978	,2977},
{723	,-2971	,2970},
{812	,-2964	,2963},
{902	,-2955	,2954},
{991	,-2945	,2944},
{1080	,-2935	,2934},
{1168	,-2924	,2923},
{1257	,-2911	,2910},
{1344	,-2898	,2897},
{1432	,-2884	,2883},
{1519	,-2869	,2868},
{1605	,-2854	,2853},
{1691	,-2837	,2836},
{1777	,-2820	,2819},
{1862	,-2801	,2800},
{1946	,-2782	,2781},
{2030	,-2762	,2761},
{2113	,-2741	,2740},
{2195	,-2719	,2718},
{2277	,-2697	,2696},
{2359	,-2674	,2673},
{2439	,-2649	,2648},
{2519	,-2624	,2623},
{2598	,-2599	,2598},
{2623	,-2624	,2519},
{2648	,-2649	,2439},
{2673	,-2674	,2359},
{2696	,-2697	,2277},
{2718	,-2719	,2195},
{2740	,-2741	,2113},
{2761	,-2762	,2030},
{2781	,-2782	,1946},
{2800	,-2801	,1862},
{2819	,-2820	,1777},
{2836	,-2837	,1691},
{2853	,-2854	,1605},
{2868	,-2869	,1519},
{2883	,-2884	,1432},
{2897	,-2898	,1344},
{2910	,-2911	,1257},
{2923	,-2924	,1168},
{2934	,-2935	,1080},
{2944	,-2945	,991},
{2954	,-2955	,902},
{2963	,-2964	,812},
{2970	,-2971	,723},
{2977	,-2978	,633},
{2983	,-2984	,543},
{2988	,-2989	,452},
{2992	,-2993	,362},
{2995	,-2996	,271},
{2998	,-2999	,181},
{2999	,-3000	,90},
{3000	,-3000	,0},
{2999	,-3000	,-91},
{2998	,-2999	,-182},
{2995	,-2996	,-272},
{2992	,-2993	,-363},
{2988	,-2989	,-453},
{2983	,-2984	,-544},
{2977	,-2978	,-634},
{2970	,-2971	,-724},
{2963	,-2964	,-813},
{2954	,-2955	,-903},
{2944	,-2945	,-992},
{2934	,-2935	,-1081},
{2923	,-2924	,-1169},
{2910	,-2911	,-1258},
{2897	,-2898	,-1345},
{2883	,-2884	,-1433},
{2868	,-2869	,-1520},
{2853	,-2854	,-1606},
{2836	,-2837	,-1692},
{2819	,-2820	,-1778},
{2800	,-2801	,-1863},
{2781	,-2782	,-1947},
{2761	,-2762	,-2031},
{2740	,-2741	,-2114},
{2718	,-2719	,-2196},
{2696	,-2697	,-2278},
{2673	,-2674	,-2360},
{2648	,-2649	,-2440},
{2623	,-2624	,-2520},
{2598	,-2599	,-2599},
{2623	,-2520	,-2624},
{2648	,-2440	,-2649},
{2673	,-2360	,-2674},
{2696	,-2278	,-2697},
{2718	,-2196	,-2719},
{2740	,-2114	,-2741},
{2761	,-2031	,-2762},
{2781	,-1947	,-2782},
{2800	,-1863	,-2801},
{2819	,-1778	,-2820},
{2836	,-1692	,-2837},
{2853	,-1606	,-2854},
{2868	,-1520	,-2869},
{2883	,-1433	,-2884},
{2897	,-1345	,-2898},
{2910	,-1258	,-2911},
{2923	,-1169	,-2924},
{2934	,-1081	,-2935},
{2944	,-992	,-2945},
{2954	,-903	,-2955},
{2963	,-813	,-2964},
{2970	,-724	,-2971},
{2977	,-634	,-2978},
{2983	,-544	,-2984},
{2988	,-453	,-2989},
{2992	,-363	,-2993},
{2995	,-272	,-2996},
{2998	,-182	,-2999},
{2999	,-91	,-3000},
{3000	,-1	,-3000},
{2999	,90	,-3000},
{2998	,181	,-2999},
{2995	,271	,-2996},
{2992	,362	,-2993},
{2988	,452	,-2989},
{2983	,543	,-2984},
{2977	,633	,-2978},
{2970	,723	,-2971},
{2963	,812	,-2964},
{2954	,902	,-2955},
{2944	,991	,-2945},
{2934	,1080	,-2935},
{2923	,1168	,-2924},
{2910	,1257	,-2911},
{2897	,1344	,-2898},
{2883	,1432	,-2884},
{2868	,1519	,-2869},
{2853	,1605	,-2854},
{2836	,1691	,-2837},
{2819	,1777	,-2820},
{2800	,1862	,-2801},
{2781	,1946	,-2782},
{2761	,2030	,-2762},
{2740	,2113	,-2741},
{2718	,2195	,-2719},
{2696	,2277	,-2697},
{2673	,2359	,-2674},
{2648	,2439	,-2649},
{2623	,2519	,-2624},
{2598	,2598	,-2599},
{2519	,2623	,-2624},
{2439	,2648	,-2649},
{2359	,2673	,-2674},
{2277	,2696	,-2697},
{2195	,2718	,-2719},
{2113	,2740	,-2741},
{2030	,2761	,-2762},
{1946	,2781	,-2782},
{1862	,2800	,-2801},
{1777	,2819	,-2820},
{1691	,2836	,-2837},
{1605	,2853	,-2854},
{1519	,2868	,-2869},
{1432	,2883	,-2884},
{1344	,2897	,-2898},
{1257	,2910	,-2911},
{1168	,2923	,-2924},
{1080	,2934	,-2935},
{991	,2944	,-2945},
{902	,2954	,-2955},
{812	,2963	,-2964},
{723	,2970	,-2971},
{633	,2977	,-2978},
{543	,2983	,-2984},
{452	,2988	,-2989},
{362	,2992	,-2993},
{271	,2995	,-2996},
{181	,2998	,-2999},
{90	,2999	,-3000},
{0	,3000	,-3000},
{-91	,2999	,-3000},
{-182	,2998	,-2999},
{-272	,2995	,-2996},
{-363	,2992	,-2993},
{-453	,2988	,-2989},
{-544	,2983	,-2984},
{-634	,2977	,-2978},
{-724	,2970	,-2971},
{-813	,2963	,-2964},
{-903	,2954	,-2955},
{-992	,2944	,-2945},
{-1081	,2934	,-2935},
{-1169	,2923	,-2924},
{-1258	,2910	,-2911},
{-1345	,2897	,-2898},
{-1433	,2883	,-2884},
{-1520	,2868	,-2869},
{-1606	,2853	,-2854},
{-1692	,2836	,-2837},
{-1778	,2819	,-2820},
{-1863	,2800	,-2801},
{-1947	,2781	,-2782},
{-2031	,2761	,-2762},
{-2114	,2740	,-2741},
{-2196	,2718	,-2719},
{-2278	,2696	,-2697},
{-2360	,2673	,-2674},
{-2440	,2648	,-2649},
{-2520	,2623	,-2624},
{-2599	,2598	,-2599},
{-2624	,2623	,-2520},
{-2649	,2648	,-2440},
{-2674	,2673	,-2360},
{-2697	,2696	,-2278},
{-2719	,2718	,-2196},
{-2741	,2740	,-2114},
{-2762	,2761	,-2031},
{-2782	,2781	,-1947},
{-2801	,2800	,-1863},
{-2820	,2819	,-1778},
{-2837	,2836	,-1692},
{-2854	,2853	,-1606},
{-2869	,2868	,-1520},
{-2884	,2883	,-1433},
{-2898	,2897	,-1345},
{-2911	,2910	,-1258},
{-2924	,2923	,-1169},
{-2935	,2934	,-1081},
{-2945	,2944	,-992},
{-2955	,2954	,-903},
{-2964	,2963	,-813},
{-2971	,2970	,-724},
{-2978	,2977	,-634},
{-2984	,2983	,-544},
{-2989	,2988	,-453},
{-2993	,2992	,-363},
{-2996	,2995	,-272},
{-2999	,2998	,-182},
{-3000	,2999	,-91},
{-3000	,3000	,-1},
{-3000	,2999	,90},
{-2999	,2998	,181},
{-2996	,2995	,271},
{-2993	,2992	,362},
{-2989	,2988	,452},
{-2984	,2983	,543},
{-2978	,2977	,633},
{-2971	,2970	,723},
{-2964	,2963	,812},
{-2955	,2954	,902},
{-2945	,2944	,991},
{-2935	,2934	,1080},
{-2924	,2923	,1168},
{-2911	,2910	,1257},
{-2898	,2897	,1344},
{-2884	,2883	,1432},
{-2869	,2868	,1519},
{-2854	,2853	,1605},
{-2837	,2836	,1691},
{-2820	,2819	,1777},
{-2801	,2800	,1862},
{-2782	,2781	,1946},
{-2762	,2761	,2030},
{-2741	,2740	,2113},
{-2719	,2718	,2195},
{-2697	,2696	,2277},
{-2674	,2673	,2359},
{-2649	,2648	,2439},
{-2624	,2623	,2519},
{-2599	,2598	,2598},
{-2624	,2519	,2623},
{-2649	,2439	,2648},
{-2674	,2359	,2673},
{-2697	,2277	,2696},
{-2719	,2195	,2718},
{-2741	,2113	,2740},
{-2762	,2030	,2761},
{-2782	,1946	,2781},
{-2801	,1862	,2800},
{-2820	,1777	,2819},
{-2837	,1691	,2836},
{-2854	,1605	,2853},
{-2869	,1519	,2868},
{-2884	,1432	,2883},
{-2898	,1344	,2897},
{-2911	,1257	,2910},
{-2924	,1168	,2923},
{-2935	,1080	,2934},
{-2945	,991	,2944},
{-2955	,902	,2954},
{-2964	,812	,2963},
{-2971	,723	,2970},
{-2978	,633	,2977},
{-2984	,543	,2983},
{-2989	,452	,2988},
{-2993	,362	,2992},
{-2996	,271	,2995},
{-2999	,181	,2998},
{-3000	,90	,2999},
{-3000	,0	,3000},
{-3000	,-91	,2999},
{-2999	,-182	,2998},
{-2996	,-272	,2995},
{-2993	,-363	,2992},
{-2989	,-453	,2988},
{-2984	,-544	,2983},
{-2978	,-634	,2977},
{-2971	,-724	,2970},
{-2964	,-813	,2963},
{-2955	,-903	,2954},
{-2945	,-992	,2944},
{-2935	,-1081	,2934},
{-2924	,-1169	,2923},
{-2911	,-1258	,2910},
{-2898	,-1345	,2897},
{-2884	,-1433	,2883},
{-2869	,-1520	,2868},
{-2854	,-1606	,2853},
{-2837	,-1692	,2836},
{-2820	,-1778	,2819},
{-2801	,-1863	,2800},
{-2782	,-1947	,2781},
{-2762	,-2031	,2761},
{-2741	,-2114	,2740},
{-2719	,-2196	,2718},
{-2697	,-2278	,2696},
{-2674	,-2360	,2673},
{-2649	,-2440	,2648},
{-2624	,-2520	,2623},
{-2599	,-2599	,2598},
{-2520	,-2624	,2623},
{-2440	,-2649	,2648},
{-2360	,-2674	,2673},
{-2278	,-2697	,2696},
{-2196	,-2719	,2718},
{-2114	,-2741	,2740},
{-2031	,-2762	,2761},
{-1947	,-2782	,2781},
{-1863	,-2801	,2800},
{-1778	,-2820	,2819},
{-1692	,-2837	,2836},
{-1606	,-2854	,2853},
{-1520	,-2869	,2868},
{-1433	,-2884	,2883},
{-1345	,-2898	,2897},
{-1258	,-2911	,2910},
{-1169	,-2924	,2923},
{-1081	,-2935	,2934},
{-992	,-2945	,2944},
{-903	,-2955	,2954},
{-813	,-2964	,2963},
{-724	,-2971	,2970},
{-634	,-2978	,2977},
{-544	,-2984	,2983},
{-453	,-2989	,2988},
{-363	,-2993	,2992},
{-272	,-2996	,2995},
{-182	,-2999	,2998},
{-91	,-3000	,2999},
{-1	,-3000	,3000}};




const int16_t const motor_table2[361][3] = 
{{3000,	401,	5598},
{3052,	376,	5571},
{3104,	351,	5544},
{3157,	326,	5516},
{3209,	303,	5487},
{3261,	281,	5457},
{3313,	259,	5427},
{3365,	238,	5395},
{3417,	218,	5364},
{3469,	199,	5331},
{3520,	180,	5298},
{3572,	163,	5264},
{3623,	146,	5229},
{3674,	131,	5194},
{3725,	116,	5158},
{3776,	102,	5121},
{3826,	89,	5083},
{3877,	76,	5045},
{3927,	65,	5007},
{3976,	55,	4968},
{4026,	45,	4928},
{4075,	36,	4887},
{4123,	29,	4846},
{4172,	22,	4805},
{4220,	16,	4763},
{4267,	11,	4720},
{4315,	7,	4677},
{4361,	4,	4633},
{4408,	1,	4589},
{4454,	0,	4545},
{4500,	0,	4500},
{4545,	0,	4454},
{4589,	1,	4408},
{4633,	4,	4361},
{4677,	7,	4315},
{4720,	11,	4267},
{4763,	16,	4220},
{4805,	22,	4172},
{4846,	29,	4123},
{4887,	36,	4075},
{4928,	45,	4026},
{4968,	55,	3976},
{5007,	65,	3927},
{5045,	76,	3877},
{5083,	89,	3826},
{5121,	102,	3776},
{5158,	116,	3725},
{5194,	131,	3674},
{5229,	146,	3623},
{5264,	163,	3572},
{5298,	180,	3520},
{5331,	199,	3469},
{5364,	218,	3417},
{5395,	238,	3365},
{5427,	259,	3313},
{5457,	281,	3261},
{5487,	303,	3209},
{5516,	326,	3157},
{5544,	351,	3104},
{5571,	376,	3052},
{5598,	401,	3000},
{5623,	428,	2947},
{5648,	455,	2895},
{5673,	483,	2842},
{5696,	512,	2790},
{5718,	542,	2738},
{5740,	572,	2686},
{5761,	604,	2634},
{5781,	635,	2582},
{5800,	668,	2530},
{5819,	701,	2479},
{5836,	735,	2427},
{5853,	770,	2376},
{5868,	805,	2325},
{5883,	841,	2274},
{5897,	878,	2223},
{5910,	916,	2173},
{5923,	954,	2122},
{5934,	992,	2072},
{5944,	1031,	2023},
{5954,	1071,	1973},
{5963,	1112,	1924},
{5970,	1153,	1876},
{5977,	1194,	1827},
{5983,	1236,	1779},
{5988,	1279,	1732},
{5992,	1322,	1684},
{5995,	1366,	1638},
{5998,	1410,	1591},
{5999,	1454,	1545},
{6000,	1500,	1500},
{5999,	1545,	1454},
{5998,	1591,	1410},
{5995,	1638,	1366},
{5992,	1684,	1322},
{5988,	1732,	1279},
{5983,	1779,	1236},
{5977,	1827,	1194},
{5970,	1876,	1153},
{5963,	1924,	1112},
{5954,	1973,	1071},
{5944,	2023,	1031},
{5934,	2072,	992},
{5923,	2122,	954},
{5910,	2173,	916},
{5897,	2223,	878},
{5883,	2274,	841},
{5868,	2325,	805},
{5853,	2376,	770},
{5836,	2427,	735},
{5819,	2479,	701},
{5800,	2530,	668},
{5781,	2582,	635},
{5761,	2634,	604},
{5740,	2686,	572},
{5718,	2738,	542},
{5696,	2790,	512},
{5673,	2842,	483},
{5648,	2895,	455},
{5623,	2947,	428},
{5598,	3000,	401},
{5571,	3052,	376},
{5544,	3104,	351},
{5516,	3157,	326},
{5487,	3209,	303},
{5457,	3261,	281},
{5427,	3313,	259},
{5395,	3365,	238},
{5364,	3417,	218},
{5331,	3469,	199},
{5298,	3520,	180},
{5264,	3572,	163},
{5229,	3623,	146},
{5194,	3674,	131},
{5158,	3725,	116},
{5121,	3776,	102},
{5083,	3826,	89},
{5045,	3877,	76},
{5007,	3927,	65},
{4968,	3976,	55},
{4928,	4026,	45},
{4887,	4075,	36},
{4846,	4123,	29},
{4805,	4172,	22},
{4763,	4220,	16},
{4720,	4267,	11},
{4677,	4315,	7},
{4633,	4361,	4},
{4589,	4408,	1},
{4545,	4454,	0},
{4500,	4500,	0},
{4454,	4545,	0},
{4408,	4589,	1},
{4361,	4633,	4},
{4315,	4677,	7},
{4267,	4720,	11},
{4220,	4763,	16},
{4172,	4805,	22},
{4123,	4846,	29},
{4075,	4887,	36},
{4026,	4928,	45},
{3976,	4968,	55},
{3927,	5007,	65},
{3877,	5045,	76},
{3826,	5083,	89},
{3776,	5121,	102},
{3725,	5158,	116},
{3674,	5194,	131},
{3623,	5229,	146},
{3572,	5264,	163},
{3520,	5298,	180},
{3469,	5331,	199},
{3417,	5364,	218},
{3365,	5395,	238},
{3313,	5427,	259},
{3261,	5457,	281},
{3209,	5487,	303},
{3157,	5516,	326},
{3104,	5544,	351},
{3052,	5571,	376},
{3000,	5598,	401},
{2947,	5623,	428},
{2895,	5648,	455},
{2842,	5673,	483},
{2790,	5696,	512},
{2738,	5718,	542},
{2686,	5740,	572},
{2634,	5761,	604},
{2582,	5781,	635},
{2530,	5800,	668},
{2479,	5819,	701},
{2427,	5836,	735},
{2376,	5853,	770},
{2325,	5868,	805},
{2274,	5883,	841},
{2223,	5897,	878},
{2173,	5910,	916},
{2122,	5923,	954},
{2072,	5934,	992},
{2023,	5944,	1031},
{1973,	5954,	1071},
{1924,	5963,	1112},
{1876,	5970,	1153},
{1827,	5977,	1194},
{1779,	5983,	1236},
{1732,	5988,	1279},
{1684,	5992,	1322},
{1638,	5995,	1366},
{1591,	5998,	1410},
{1545,	5999,	1454},
{1500,	6000,	1500},
{1454,	5999,	1545},
{1410,	5998,	1591},
{1366,	5995,	1638},
{1322,	5992,	1684},
{1279,	5988,	1732},
{1236,	5983,	1779},
{1194,	5977,	1827},
{1153,	5970,	1876},
{1112,	5963,	1924},
{1071,	5954,	1973},
{1031,	5944,	2023},
{992,	5934,	2072},
{954,	5923,	2122},
{916,	5910,	2173},
{878,	5897,	2223},
{841,	5883,	2274},
{805,	5868,	2325},
{770,	5853,	2376},
{735,	5836,	2427},
{701,	5819,	2479},
{668,	5800,	2530},
{635,	5781,	2582},
{604,	5761,	2634},
{572,	5740,	2686},
{542,	5718,	2738},
{512,	5696,	2790},
{483,	5673,	2842},
{455,	5648,	2895},
{428,	5623,	2947},
{401,	5598,	2999},
{376,	5571,	3052},
{351,	5544,	3104},
{326,	5516,	3157},
{303,	5487,	3209},
{281,	5457,	3261},
{259,	5427,	3313},
{238,	5395,	3365},
{218,	5364,	3417},
{199,	5331,	3469},
{180,	5298,	3520},
{163,	5264,	3572},
{146,	5229,	3623},
{131,	5194,	3674},
{116,	5158,	3725},
{102,	5121,	3776},
{89,	5083,	3826},
{76,	5045,	3877},
{65,	5007,	3927},
{55,	4968,	3976},
{45,	4928,	4026},
{36,	4887,	4075},
{29,	4846,	4123},
{22,	4805,	4172},
{16,	4763,	4220},
{11,	4720,	4267},
{7,	4677,	4315},
{4,	4633,	4361},
{1,	4589,	4408},
{0,	4545,	4454},
{0,	4500,	4500},
{0,	4454,	4545},
{1,	4408,	4589},
{4,	4361,	4633},
{7,	4315,	4677},
{11,	4267,	4720},
{16,	4220,	4763},
{22,	4172,	4805},
{29,	4123,	4846},
{36,	4075,	4887},
{45,	4026,	4928},
{55,	3976,	4968},
{65,	3927,	5007},
{76,	3877,	5045},
{89,	3826,	5083},
{102,	3776,	5121},
{116,	3725,	5158},
{131,	3674,	5194},
{146,	3623,	5229},
{163,	3572,	5264},
{180,	3520,	5298},
{199,	3469,	5331},
{218,	3417,	5364},
{238,	3365,	5395},
{259,	3313,	5427},
{281,	3261,	5457},
{303,	3209,	5487},
{326,	3157,	5516},
{351,	3104,	5544},
{376,	3052,	5571},
{401,	3000,	5598},
{428,	2947,	5623},
{455,	2895,	5648},
{483,	2842,	5673},
{512,	2790,	5696},
{542,	2738,	5718},
{572,	2686,	5740},
{604,	2634,	5761},
{635,	2582,	5781},
{668,	2530,	5800},
{701,	2479,	5819},
{735,	2427,	5836},
{770,	2376,	5853},
{805,	2325,	5868},
{841,	2274,	5883},
{878,	2223,	5897},
{916,	2173,	5910},
{954,	2122,	5923},
{992,	2072,	5934},
{1031,	2023,	5944},
{1071,	1973,	5954},
{1112,	1924,	5963},
{1153,	1876,	5970},
{1194,	1827,	5977},
{1236,	1779,	5983},
{1279,	1732,	5988},
{1322,	1684,	5992},
{1366,	1638,	5995},
{1410,	1591,	5998},
{1454,	1545,	5999},
{1500,	1500,	6000},
{1545,	1454,	5999},
{1591,	1410,	5998},
{1638,	1366,	5995},
{1684,	1322,	5992},
{1732,	1279,	5988},
{1779,	1236,	5983},
{1827,	1194,	5977},
{1876,	1153,	5970},
{1924,	1112,	5963},
{1973,	1071,	5954},
{2023,	1031,	5944},
{2072,	992,	5934},
{2122,	954,	5923},
{2173,	916,	5910},
{2223,	878,	5897},
{2274,	841,	5883},
{2325,	805,	5868},
{2376,	770,	5853},
{2427,	735,	5836},
{2479,	701,	5819},
{2530,	668,	5800},
{2582,	635,	5781},
{2634,	604,	5761},
{2686,	572,	5740},
{2738,	542,	5718},
{2790,	512,	5696},
{2842,	483,	5673},
{2895,	455,	5648},
{2947,	428,	5623},
{2999,	401,	5598}};


#ifdef	__cplusplus
}
#endif

#endif	/* MOTOR_TABLE_H */
